088    0
002    1
077    2
024    3
029    4
034    5
087    6
086    7
059    8
089    9
055    10
021    11 
018    12
080    13
053    14
020    15
014    16
113    17
098    18
091    19
081    20
062    21
051    22
040    23
096    24
093    25
028    26
026    27
008    28
006    29
019    30
109    31
063    32
050    33
049    34
033    35
097    36
073    37
066    38
042    39
035    40
004    41
075    42
072    43
064    44
048    45
047    46
046    47 
039    48
038    49
027    50
005    51
114    52
111    53
110    54
106    55
099    56
092    57
031    58
107    59
103    60
082    61
079    62 
060    63
013    64
003    65
095    66
074    67
065    68
016    69
012    70
010    71
112    72
108    73
100    74
078    75
076    76
069    77
054    78
036    79
101    80 
084    81
011    82
009    83
094    84
085    85
017    86
015    87

