022 0
024 1
064 2
081 3
125 4
142 5
143 6
144 7
145 8
149 9
150 10
152 11
153 12
154 13
155 14
167 15
178 16
181 17
185 18
186 19
197 20
198 21
200 22
228 23
249 24
251 25
252 26
254 27
294 28
299 29
301 30
302 31
317 32
346 33
354 34
365 35
370 36
374 37
375 38
382 39
386 40
393 41
394 42
395 43
399 44
403 45
407 46
415 47
416 48
419 49
420 50
422 51
423 52
424 53
441 54
452 55
461 56
498 57
502 58
508 59
510 60
511 61
607 62
608 63
609 64
610 65
611 66
612 67
613 68
615 69
616 70
619 71
620 72
635 73
639 74
640 75
659 76
732 77
733 78
734 79
736 80
737 81
750 82
751 83
752 84
763 85
764 86
766 87
769 88
771 89
782 90
800 91
801 92
802 93
805 94
806 95
841 96
845 97
875 98
879 99
